135
366
606
841
1082
1327
1562
1794
2042
2289
2528
2759
2994
3227
3463
3704
3938
4166
4400
4646
4880
5108
5339
5572
5805
6036
6271
6506
6736
6974
7210
7445
7676
7909
8142
8380
8622
8852
9084
9322
9568
9805
10034
10266
10503
10741
10982
11211
11441
11673
11915
12147
12378
12608
12844
13073
13310
13546
13780
14009
14250
14489
14723
14952
15185
15415
15651
15892
16120
16348
16581
16827
17060
17288
17518
17755
17992
18230
18463
18697
18927
19171
19404
19637
19863
20094
20320
20553
20785
21014
21238
21470
21705
21936
22162
22392
22624
22859
23097
23326
23557
23785
24026
24255
24485
24712
24942
25167
25403
25638
25867
26090
26329
26568
26803
27028
27259
27490
27723
27964
28195
28423
28654
28896
29128
29357
29587
29825
30056
30291
30522
30755
30980
31217
31452
31685
31909
32139
32367
32602
32837
33065
33290
33519
33756
33988
34216
34440
34674
34904
35140
35374
35604
35832
36070
36307
36542
36767
36997
37224
37459
37695
37923
38151
38385
38628
38860
39090
39323
39557
39789
40025
40261
40494
40723
40962
41203
41440
41669
41901
42133
42369
42613
42843
43069
43302
43546
43780
44007
44235
44469
44701
44932
45163
45391
45611
45840
46078
46312
46543
46777
47010
47247
47486
47715
47945
48181
48425
48661
48893
49126
49363
49605
49847
50079
50311
50543
50787
51022
51258
51488
51725
51958
52198
52432
52665
52895
53139
53375
53609
53838
54070
54299
54534
54772
55002
55227
55462
55704
55934
56160
56390
56624
56860
57099
57331
57564
57793
58033
58266
58497
58724
58956
59183
59416
59650
59882
60108
60344
60584
60820
61048
61281
61515
61752
61992
62223
62456
62694
62939
63171
63398
63629
63862
64095
64334
64562
64794
65022
65265
65499
65734
65965
66200
66430
66669
66907
67141
67366
67602
67840
68073
68298
68528
68758
68991
69226
69453
69680
69910
70153
70385
70615
70842
71079
71307
71543
71776
72007
72231
72466
72704
72939
73164
73396
73629
73867
74108
74343
74579
74814
75056
75290
75522
75753
75986
76218
76451
76684
76915
77140
77378
77614
77849
78075
78308
78541
78783
79024
79255
79482
79721
79962
80196
80423
80657
80891
81125
81363
81596
81825
82056
82294
82531
82765
82998
83235
83465
83702
83943
84178
84407
84644
84886
85120
85346
85578
85809
86047
86289
86520
86753
86992
87240
87480
87713
87949
88188
88432
88676
88911
89146
89385
89632
89869
90103
90341
90581
90824
91069
91307
91547
91786
92037
92275
92511
92749
92989
93228
93471
93706
93940
94176
94422
94662
94896
95130
95370
95608
95850
96090
96325
96557
96798
97036
97267
97495
97727
97955
98185
98418
98644
98868
99097
99333
99562
99787
100014
100245
100478
100712
100940
101168
101392
101626
101860
102092
102314
102540
102768
103004
103244
103470
103698
103932
104175
104405
104635
104863
105096
105325
105560
105789
106019
106242
106477
106709
106941
107166
107396
107625
107857
108095
108324
108555
108783
109027
109257
109486
109716
109951
110180
110417
110652
110885
111109
111349
111588
111824
112051
112285
112520
112760
113001
113240
113471
113712
113955
114192
114422
114658
114894
115135
115374
115605
115838
116075
116319
116554
116787
117021
117260
117500
117743
117980
118215
118450
118697
118937
119174
119405
119640
119871
120111
120346
120581
120814
121063
121305
121544
121778
122019
122253
122492
122733
122970
123199
123440
123681
123917
124146
124383
124621
124863
125107
125347
125581
125827
126073
126316
126550
126788
127027
127275
127524
127765
128001
128245
128490
128734
128968
129206
129443
129688
129934
130174
130410
130659
130907
131151
131390
131633
131873
132122
132370
132610
132847
133094
133340
133583
133818
134057
134293
134537
134785
135024
135255
135495
135740
135977
136204
136435
136667
136903
137140
137371
137599
137832
138074
138309
138541
138775
139014
139254
139493
139730
139964
140198
140441
140681
140919
141150
141382
141614
141850
142090
142320
142550
142785
143027
143262
143494
143728
143965
144206
144451
144686
144919
145155
145401
145635
145868
146101
146342
146581
146824
147063
147302
147541
147793
148032
148268
148503
148745
148980
149220
149457
149692
149922
150163
150404
150641
150873
151116
151351
151592
151835
152075
152309
152553
152798
153038
153268
153505
153742
153982
154228
154467
154705
154955
155205
155452
155691
155935
156175
156422
156667
156907
157144
157390
157632
157873
158107
158344
158577
158816
159058
159294
159523
159765
160008
160245
160477
160713
160947
161187
161431
161666
161897
162136
162382
162617
162846
163077
163313
163553
163794
164026
164258
164493
164740
164976
165208
165442
165681
165918
166157
166388
166624
166853
167093
167326
167560
167789
168023
168251
168488
168724
168957
169183
169422
169661
169896
170121
170350
170580
170814
171052
171279
171504
171732
171973
172203
172432
172659
172892
173118
173353
173587
173820
174044
174280
174520
174753
174980
175213
175444
175679
175915
176147
176377
176607
176846
177079
177311
177539
177775
178007
178244
178481
178713
178939
179176
179416
179652
179875
180106
180336
180573
180810
181039
181269
181501
181741
181973
182202
182433
182666
182899
183134
183366
183596
183824
184059
184290
184519
184743
184971
185197
185430
185667
185893
186117
186349
186590
186823
187048
187275
187507
187737
187968
188197
188422
188644
188877
189112
189341
189564
189792
190021
190254
190491
190719
190947
191181
191422
191653
191880
192110
192341
192574
192807
193035
193263
193489
193724
193958
194189
194416
194643
194870
195105
195347
195576
195801
196036
196275
196508
196733
196963
197194
197427
197663
197892
198118
198347
198585
198815
199042
199270
199504
199733
199965
200198
200426
200649
200881
201118
201346
201568
201793
202020
202250
202483
202710
202936
203161
203396
203631
203863
204089
204317
204544
204775
205010
205234
205459
205689
205925
206153
206378
206605
206839
207073
207312
207544
207779
208014
208258
208497
208734
208969
209207
209441
209682
209924
210159
210389
210629
210871
211110
211343
211580
211815
212055
212301
212536
212766
213004
213249
213483
213711
213942
214178
214413
214649
214879
215113
215346
215592
215827
216062
216296
216538
216778
217022
217259
217496
217731
217977
218215
218456
218688
218927
219161
219403
219641
219878
220109
220353
220592
220830
221062
221300
221532
221773
222012
222247
222476
222718
222960
223196
223425
223660
223893
224133
224374
224608
224836
225074
225321
225558
225787
226023
226259
226500
226741
226975
227211
227444
227689
227926
228158
228393
228630
228870
229111
229344
229580
229815
230060
230295
230529
230758
230993
231223
231461
231691
231921
232146
232384
232619
232852
233078
233311
233540
233780
234021
234257
234488
234729
234973
235208
235437
235673
235904
236140
236377
236608
236836
237065
237308
237542
237772
237999
238237
238470
238707
238943
239178
239406
239648
239889
240127
240355
240586
240817
241054
241292
241524
241752
241989
242229
242464
242693
242926
243159
243397
243633
243868
244099
244332
244569
244799
245028
245254
245482
245708
245943
246181
246411
246638
246876
247120
247355
247580
247813
248046
248284
248521
248753
248982
249215
249458
249691
249920
250156
250395
250632
250869
251108
251346
251580
251824
252066
252302
252536
252774
253010
253249
253486
253720
253952
254191
254434
254671
254901
255135
255368
255612
255855
256087
256319
256558
256800
257035
257265
257497
257727
257964
258204
258432
258660
258894
259136
259366
259595
259830
260066
260304
260544
260780
261015
261249
261495
261732
261964
262196
262430
262664
262900
263137
263371
263600
263838
264079
264314
264543
264773
265004
265239
265477
265706
265934
266168
266406
266637
266863
267092
267324
267562
267802
268032
268262
268496
268740
268972
269206
269437
269670
269902
270139
270374
270603
270828
271063
271299
271532
271759
271988
272217
272450
272692
272923
273152
273388
273634
273868
274099
274331
274571
274808
275047
275280
275515
275751
275998
276237
276475
276710
276952
277190
277435
277675
277915
278149
278393
278634
278874
279106
279342
279577
279819
280060
280297
280527
280769
281010
281248
281481
281716
281949
282189
282431
282665
282893
283131
283374
283606
283835
284067
284301
284538
284778
285008
285238
285468
285712
285944
286177
286406
286641
286870
287105
287338
287568
287791
288026
288263
288496
288719
288950
289180
289418
289657
289885
290115
290352
290596
290830
291056
291288
291522
291759
291997
292225
292455
292685
292926
293156
293389
293618
293852
294083
294322
294558
294794
295022
295263
295501
295736
295968
296205
296435
296675
296916
297152
297382
297624
297871
298112
298344
298584
298823
299069
299315
299557
299790
300037
300282
300524
300755
300992
301226
301467
301710
301946
302178
302418
302662
302903
303135
303371
303607
303850
304094
304312
304523
304697
304890
305063
305229
305426
305622
305833
306055
306267
306496
306727
306926
307118
307339
307573
307815
308053
308286
308480
308684
308911
309101
309292
309497
309695
309884
310059
310221
310371
310526
310685
310852
311035
311189
311354
311518
311680
311833
311984
312146
312304
312457
312605
312763
312928
313077
313227
313369
313517
313875
314138
314387
314642
314893
315140
315380
315624
315870
316118
316364
316607
316848
317099
317342
317582
317823
318067
318308
318552
318794
319031
319272
319524
319765
320005
320246
320490
320732
320978
321218
321454
321691
321940
322181
322415
322646
322885
323122
323362
323600
323833
324068
324312
324552
324787
325017
325253
325486
325722
325959
326192
326424
326664
326904
327141
327372
327607
327841
328082
328325
328559
328790
329031
329275
329513
329744
329977
330210
330450
330694
330925
331154
331391
331633
331867
332095
332330
332564
332801
333041
333276
333507
333742
333985
334219
334449
334681
334919
335155
335390
335625
335856
336087
336329
336570
336806
337040
337277
337514
337757
337999
338237
338471
338713
338958
339200
339434
339668
339902
340144
340388
340621
340854
341098
341346
341584
341818
342055
342292
342533
342779
343011
343243
343483
343729
343964
344193
344426
344661
344898
345140
345373
345606
345839
346084
346319
346552
346786
347026
347261
347500
347740
347977
348209
348452
348692
348930
349162
349403
349643
349886
350128
350372
350609
350859
351105
351349
351588
351833
352074
352320
352562
352802
353037
353282
353520
353760
353995
354234
354469
354712
354954
355192
355425
355671
355915
356155
356389
356628
356863
357106
357345
357579
357810
358055
358299
358537
358768
359005
359240
359481
359725
359962
360194
360437
360684
360926
361158
361393
361628
361869
362113
362349
362582
362823
363068
363307
363540
363776
364013
364257
364504
364739
364972
365213
365458
365692
365921
366152
366385
366623
366865
367096
367327
367562
367809
368042
368274
368510
368747
368984
369226
369391
369696
369930
370174
370406
370638
370868
371106
371338
371577
371811
372047
372277
372521
372763
373001
373228
373463
373695
373933
374171
374402
374629
374865
375107
375342
375568
375799
376031
376269
376508
376738
376969
377201
377441
377670
377902
378131
378364
378592
378827
379059
379294
379521
379763
380001
380240
380472
380711
380947
381191
381438
381676
381906
382150
382397
382636
382866
383103
383338
383581
383824
384062
384296
384540
384788
385030
385264
385507
385746
385990
386237
386475
386710
386955
387200
387444
387678
387918
388157
388407
388655
388895
389131
389377
389626
389870
390104
390343
390578
390823
391070
391306
391536
391780
392022
392259
392487
392722
392953
393190
393430
393663
393893
394135
394384
394622
394851
395089
395326
395569
395812
396048
396283
396522
396772
397012
397247
397486
397725
397971
398221
398460
398697
398941
399190
399434
399667
399905
400142
400389
400634
400872
401105
401349
401597
401835
402065
402304
402541
402783
403028
403263
403496
403736
403982
404222
404455
404693
404931
405173
405417
405656
405891
406130
406378
406621
406857
407095
407337
407581
407825
408064
408301
408541
408790
409032
409265
409501
409740
409984
410227
410462
410697
410937
411184
411424
411660
411896
412134
412373
412613
412851
413085
413317
413557
413793
414029
414261
414494
414726
414965
415208
415443
415671
415914
416155
416390
416617
416852
417087
417325
417566
417798
418026
418263
418508
418747
418979
419219
419460
419707
419957
420198
420437
420678
420928
421171
421405
421644
421883
422126
422373
422610
422846
423090
423340
423584
423820
424059
424298
424546
424796
425033
425269
425514
425763
426003
426237
426475
426712
426956
427203
427440
427673
427918
428164
428403
428635
428872
429107
429346
429592
429830
430063
430304
430553
430792
431024
431261
431499
431743
431992
432229
432464
432708
432959
433202
433434
433669
433906
434148
434394
434630
434867
435114
435367
435614
435857
436104
436346
436595
436844
437085
437325
437574
437822
438065
438308
438552
438793
439039
439283
439522
439758
440004
440250
440492
440727
440967
441204
441445
441690
441927
442159
442401
442647
442886
443118
443351
443585
443822
444061
444293
444523
444762
445005
445242
445473
445708
445944
446185
446427
446658
446891
447125
447368
447600
447832
448061
448295
448532
448773
449009
449244
449478
449723
449961
450197
450431
450669
450902
451142
451381
451617
451848
452090
452331
452568
452805
453047
453284
453526
453769
454005
454238
454480
454724
454962
455193
455428
455663
455903
456148
456383
456615
456856
457104
457348
457584
457825
458065
458311
458559
458799
459037
459284
459530
459771
460004
460240
460474
460715
460958
461193
461427
461673
461920
462162
462400
462640
462881
463125
463374
463616
463852
464099
464349
464593
464832
464997
465319
465565
465809
466047
466281
466524
466764
467003
467236
467474
467712
467954
468194
468434
468669
468917
469162
469402
469638
469881
470120
470365
470608
470847
471084
471332
471575
471818
472057
472301
472538
472782
473025
473265
473499
473744
473986
474224
474458
474699
474934
475176
475418
475655
475890
476138
476382
476623
476857
477097
477335
477578
477822
478061
478293
478537
478781
479021
479257
479498
479737
479984
480232
480479
480720
480970
481219
481467
481709
481955
482197
482447
482693
482936
483177
483429
483674
483918
484155
484401
484644
484892
485133
485375
485611
485861
486099
486337
486572
486813
487050
487295
487534
487774
488010
488257
488494
488730
488965
489209
489446
489690
489931
490175
490415
490670
490916
491158
491393
491637
491880
492127
492363
492601
492841
493096
493340
493581
493822
494068
494314
494565
494806
495048
495292
495544
495785
496024
496265
496507
496751
497001
497239
497474
497715
497964
498200
498430
498663
498896
499133
499374
499603
499830
500057
500296
500524
500750
500972
501204
501430
501661
501888
502117
502340
502572
502805
503034
503257
503484
503712
503946
504182
504409
504639
504871
505111
505341
505570
505797
506030
506259
506493
506721
506947
507168
507400
507631
507858
508077
508298
508519
508744
508976
509197
509418
509639
509873
510098
510324
510545
510771
510992
511220
511450
511669
511887
512111
512343
512561
512781
512996
513221
513441
513669
513898
514122
514345
514573
514810
515037
515260
515486
515715
515948
516182
516411
516641
516867
517103
517336
517571
517797
518032
518262
518501
518737
518969
519195
519433
519670
519903
520129
520364
520596
520834
521078
521313
521547
521791
522042
522286
522523
522768
523011
523261
523515
523764
524003
524251
524503
524751
524986
525230
525472
525719
525962
526206
526443
526695
526942
527187
527424
527669
527912
528161
528404
528645
528886
529141
529384
529626
529865
530108
530348
530594
530833
531074
531312
531561
531800
532039
532278
532520
532761
533006
533245
533481
533715
533962
534195
534427
534655
534893
535129
535367
535602
535840
536073
536321
536562
536802
537039
537285
537527
537775
538015
538257
538498
538749
538993
539237
539480
539728
539979
540232
540476
540719
540969
541225
541472
541710
541953
542193
542439
542687
542924
543156
543399
543647
543886
544118
544356
544593
544835
545081
545319
545554
545794
546041
546279
546508
546740
546977
547213
547452
547687
547924
548160
548407
548645
548883
549120
549362
549606
549853
550093
550332
550570
550820
551060
551297
551532
551773
552013
552258
552497
552736
552977
553229
553471
553712
553954
554199
554444
554690
554929
555168
555408
555657
555896
556130
556367
556606
556849
557093
557330
557566
557805
558054
558296
558531
558765
559004
559243
559485
559719
559951
560185
560432
560668
560901
561134
561374
561615
561855
562089
562324
562560
562807
563042
563277
563512
563751
563989
564231
564466
564701
564931
565175
565411
565645
565877
566114
566346
566587
566825
567062
567294
567537
567777
568014
568243
568483
568715
568953
569189
569428
569660
569904
570146
570389
570623
570864
571105
571351
571594
571835
572070
572316
572559
572802
573037
573275
573510
573755
573996
574233
574467
574712
574954
575198
575432
575673
575907
576153
576397
576635
576867
577116
577362
577603
577838
578079
578316
578560
578804
579046
579280
579528
579777
580022
580257
580500
580737
580983
581227
581469
581703
581947
582189
582429
582665
582902
583137
583380
583624
583863
584096
584342
584588
584829
585061
585303
585540
585785
586029
586268
586501
586746
586988
587228
587461
587702
587937
588184
588430
588673
588908
589156
589403
589647
589885
590130
590366
590611
590857
591098
591332
591580
591828
592071
592305
592548
592788
593034
593277
593517
593752
594000
594243
594483
594714
594951
595185
595426
595662
595896
596131
596375
596614
596854
597089
597329
597564
597808
598051
598289
598523
598769
599008
599245
599478
599717
599952
600196
600441
600683
600920
601171
601420
601665
601906
602154
602398
602646
602891
603134
603375
603626
603869
604107
604349
604594
604840
605089
605329
605570
605814
606066
606310
606546
606786
607025
607273
607518
607754
607990
608230
608477
608719
608953
609190
609427
609671
609918
610156
610389
610630
610877
611114
611346
611581
611817
612056
612294
612528
612760
612994
613240
613475
613708
613942
614182
614419
614658
614895
615133
615364
615531
615844
616082
616312
616544
616773
617011
617249
617484
617712
617951
618191
618429
618656
618890
619121
619360
619598
619832
620061
620303
620546
620781
620987
621248
621486
621732
621979
622217
622452
622695
622944
623186
623420
623661
623898
624144
624393
624635
624870
625117
625370
625618
625858
626105
626348
626599
626849
627093
627334
627588
627836
628081
628319
628562
628802
629047
629285
629522
629758
630004
630242
630479
630711
630947
631178
631416
631651
631886
632114
632352
632588
632823
633051
633283
633511
633751
633991
634223
634452
634693
634939
635179
635410
635650
635889
636136
636384
636628
636862
637111
637360
637604
637840
638084
638325
638573
638818
639064
639305
639556
639802
640051
640294
640541
640785
641036
641281
641523
641767
642021
642266
642508
642745
642988
643233
643481
643720
643956
644197
644450
644691
644927
645167
645410
645653
645900
646142
646380
646621
646872
647112
647347
647586
647827
648071
648316
648556
648797
649040
649292
649536
649772
